246,29
246,28
246,26
246,25
246,24
246,23
246,22
246,21
246,20
246,19
246,18
246,17
246,16
246,15
246,14
246,13
246,12
246,11
246,10
246,9
246,8
246,7
246,6
246,5
246,4
246,3
246,1
223,4
223,3
223,2
223,1
217,3
217,1
215,4
215,3
215,1
214,4
214,3
214,2
214,1
103,88
103,87
103,86
103,85
103,84
103,83
103,82
103,81
103,80
103,79
103,78
103,77
103,76
103,75
103,74
103,73
103,72
103,71
103,70
103,69
103,68
103,67
103,66
103,65
103,64
103,45
103,44
103,42
103,41
103,40
103,38
103,36
103,34
103,33
103,31
103,29
103,28
103,27
103,26
103,25
103,24
103,23
103,22
103,21
103,20
103,19
103,18
103,17
103,16
103,1
100,3
100,1
99,3
99,1
92,4
92,3
92,1
89,3
89,1
84,4
84,3
84,1
78,4
78,1
56,3
56,1
54,3
54,1
43,4
43,3
43,1
32,5
32,3
32,1
27,4
27,3
27,1
24,3
24,1
20,3
20,2
20,1
19,3
19,2
19,1
18,3
18,1
14,10
14,9
12,3
12,2
14,1
14,6
12,1
14,3
11,30
13,1
11,29
13,3
11,28
11,20
11,19
11,16
11,11
11,10
11,9
11,8
11,5
11,4
11,3
11,2
11,1
10,307
10,297
10,287
10,285
10,271
10,257
10,251
10,231
10,221
10,219
10,193
10,143
10,135
10,21
10,3
10,2
10,1
9,7
9,5
9,3
9,2
9,1
8,17
8,15
8,14
8,13
8,12
8,10
8,9
8,6
8,5
8,4
8,3
8,2
8,1
3,3
3,2
3,1
2,3
2,2
2,1
0,544
0,516
0,273
0,270
0,0
291,34
291,33
291,32
291,31
291,30
291,29
291,28
291,27
291,26
291,25
291,24
291,23
291,22
291,21
291,20
291,19
291,18
291,17
